212, 550, 449, -212
2, 98, 634, 264
338, 463, 423, -225
2, 67, 720, 210
16, 462, 423, 97
217, 437, 487, -142
105, 642, 357, -105
230, 327, 566, -124
57, 185, 814, -57
392, 522, 477, -392
4, 180, 779, 35
0, 64, 919, 16
0, 57, 611, 330
13, 98, 786, 101
70, 150, 524, 254
34, 109, 567, 288
35, 100, 590, 274
64, 159, 568, 207
124, 394, 335, 145
227, 489, 508, -225
181, 331, 538, -51
236, 493, 356, -86
0, 47, 575, 376
0, 46, 614, 339
167, 379, 400, 52
199, 356, 519, -75
0, 264, 735, 0
246, 493, 506, -246
0, 182, 814, 3
0, 30, 866, 102
0, 0, 713, 286
182, 315, 676, -174
